1 0.82666 0.508301 0.213867 0.182617
1 0.743652 0.619141 0.12207 0.078125
7 0.241211 0.463379 0.0898438 0.0986328
1 0.21875 0.847168 0.248047 0.25293
1 0.143555 0.567871 0.119141 0.108398
1 0.827637 0.44873 0.182617 0.104492
1 0.265625 0.602051 0.134766 0.270508
1 0.578125 0.25293 0.212891 0.257812
1 0.787598 0.720703 0.297852 0.333984
1 0.103027 0.544922 0.198242 0.150391
1 0.722656 0.192383 0.207031 0.263672
1 0.0595703 0.666992 0.115234 0.128906
1 0.602539 0.460938 0.269531 0.402344
1 0.595703 0.766602 0.167969 0.152344
1 0.442871 0.791016 0.186523 0.382812
1 0.420898 0.522949 0.181641 0.245117
