1 0.751465 0.395996 0.0693359 0.0517578
1 0.701172 0.33252 0.0878906 0.161133
1 0.632324 0.378906 0.116211 0.109375
1 0.557617 0.403809 0.115234 0.0986328
1 0.789551 0.366211 0.116211 0.105469
1 0.0732422 0.723633 0.146484 0.384766
7 0.462402 0.586426 0.178711 0.114258
1 0.637695 0.444824 0.126953 0.239258
7 0.478027 0.444336 0.176758 0.1875
7 0.197754 0.554688 0.176758 0.263672
1 0.474609 0.638184 0.183594 0.213867
7 0.352539 0.447266 0.15625 0.21875
7 0.84668 0.541504 0.121094 0.209961
7 0.716797 0.537109 0.154297 0.224609
7 0.266113 0.688477 0.217773 0.378906
