7 0.514648 0.65332 0.123047 0.140625
7 0.456055 0.279297 0.240234 0.207031
7 0.628418 0.180664 0.270508 0.138672
7 0.770996 0.813965 0.34082 0.37207
7 0.69873 0.101074 0.120117 0.112305
7 0.808105 0.585938 0.135742 0.15625
7 0.401855 0.773438 0.241211 0.146484
7 0.256348 0.556641 0.172852 0.164062
7 0.444824 0.496582 0.250977 0.219727
7 0.359375 0.383789 0.152344 0.144531
7 0.537598 0.927246 0.157227 0.145508
7 0.665039 0.585938 0.222656 0.195312
7 0.587402 0.776367 0.186523 0.199219
7 0.343262 0.882812 0.233398 0.224609
7 0.131836 0.801758 0.259766 0.263672
7 0.799805 0.443848 0.138672 0.157227
