7 0.317871 0.286621 0.0908203 0.163086
1 0.0976562 0.0458984 0.144531 0.0820312
1 0.130859 0.331543 0.261719 0.571289
7 0.85498 0.111328 0.192383 0.21875
7 0.224609 0.211426 0.142578 0.303711
7 0.245605 0.118164 0.110352 0.15625
1 0.730469 0.267578 0.183594 0.189453
7 0.634766 0.749023 0.353516 0.447266
1 0.0878906 0.231934 0.167969 0.40332
1 0.604004 0.452637 0.170898 0.219727
1 0.452637 0.367188 0.19043 0.121094
1 0.358887 0.469727 0.379883 0.484375
7 0.687012 0.143555 0.270508 0.279297
7 0.79541 0.414062 0.15918 0.203125
7 0.47998 0.208984 0.245117 0.259766
