1 0.218262 0.169434 0.389648 0.241211
1 0.166016 0.595215 0.332031 0.454102
1 0.0839844 0.307617 0.0507812 0.0488281
1 0.0419922 0.20166 0.0839844 0.19043
1 0.050293 0.318848 0.0966797 0.118164
1 0.236328 0.187988 0.226562 0.108398
1 0.132812 0.271484 0.189453 0.140625
1 0.352539 0.467773 0.142578 0.148438
7 0.148926 0.469727 0.295898 0.3125
1 0.216309 0.70752 0.321289 0.31543
1 0.254883 0.23291 0.275391 0.176758
7 0.568848 0.192383 0.290039 0.259766
7 0.586426 0.53125 0.327148 0.353516
7 0.665527 0.771973 0.34082 0.196289
7 0.82959 0.536133 0.204102 0.197266
7 0.397949 0.628906 0.178711 0.253906
