1 0.728027 0.267578 0.110352 0.0957031
1 0.630859 0.285156 0.0566406 0.0585938
1 0.885254 0.059082 0.139648 0.0771484
7 0.693848 0.589355 0.0966797 0.0908203
1 0.614746 0.13623 0.12793 0.19043
1 0.775879 0.451172 0.139648 0.101562
1 0.581543 0.616211 0.0712891 0.0605469
1 0.697266 0.334961 0.0839844 0.0839844
1 0.515625 0.79541 0.146484 0.227539
1 0.547363 0.550293 0.104492 0.0927734
1 0.649902 0.717285 0.110352 0.0888672
1 0.697754 0.34668 0.116211 0.140625
1 0.543945 0.521484 0.0898438 0.0664062
1 0.687012 0.583496 0.106445 0.106445
1 0.308594 0.887207 0.212891 0.225586
1 0.137207 0.573242 0.12207 0.103516
1 0.628906 0.438965 0.136719 0.0771484
1 0.695312 0.334961 0.160156 0.230469
1 0.571289 0.637207 0.105469 0.106445
1 0.404297 0.591797 0.212891 0.310547
1 0.776855 0.501465 0.124023 0.12207
1 0.510742 0.297363 0.201172 0.245117
1 0.398926 0.77832 0.299805 0.158203
