1 0.832031 0.50293 0.183594 0.166016
1 0.512695 0.790039 0.353516 0.373047
1 0.620605 0.263672 0.168945 0.111328
1 0.666504 0.117188 0.155273 0.205078
1 0.821777 0.408691 0.264648 0.415039
1 0.489746 0.265625 0.125977 0.132812
7 0.43457 0.39209 0.0898438 0.106445
7 0.415527 0.59082 0.149414 0.164062
1 0.348633 0.195312 0.171875 0.148438
1 0.577637 0.366699 0.12207 0.129883
1 0.828125 0.251953 0.279297 0.171875
1 0.516113 0.479004 0.21582 0.209961
7 0.200684 0.605957 0.37793 0.416992
1 0.78418 0.521973 0.363281 0.393555
7 0.208984 0.902344 0.308594 0.195312
7 0.280273 0.385742 0.232422 0.326172
