7 0.451172 0.233887 0.224609 0.145508
1 0.132324 0.107422 0.264648 0.179688
1 0.356934 0.14502 0.231445 0.118164
7 0.0952148 0.0546875 0.186523 0.0996094
1 0.28418 0.185059 0.146484 0.0966797
7 0.20752 0.0576172 0.374023 0.115234
1 0.0737305 0.412109 0.147461 0.0898438
7 0.73584 0.390625 0.125977 0.113281
1 0.26416 0.235352 0.198242 0.0976562
7 0.855957 0.468262 0.166992 0.116211
7 0.594727 0.524414 0.5 0.396484
7 0.523926 0.224121 0.327148 0.209961
7 0.359863 0.474609 0.297852 0.394531
7 0.219238 0.503906 0.12207 0.232422
1 0.0766602 0.361328 0.15332 0.171875
