1 0.328125 0.212891 0.283203 0.259766
1 0.575195 0.844238 0.15625 0.12793
1 0.757812 0.555664 0.119141 0.109375
1 0.352539 0.133301 0.150391 0.135742
1 0.387695 0.542969 0.4375 0.480469
1 0.336426 0.29248 0.323242 0.186523
1 0.51123 0.936523 0.141602 0.109375
1 0.578613 0.113281 0.0947266 0.0957031
1 0.290527 0.338379 0.233398 0.112305
1 0.822266 0.450195 0.101562 0.15625
1 0.291992 0.957031 0.177734 0.0820312
7 0.859863 0.786133 0.254883 0.330078
1 0.324219 0.183594 0.181641 0.078125
1 0.713379 0.441895 0.0986328 0.15332
1 0.327148 0.857422 0.236328 0.238281
1 0.518066 0.282715 0.161133 0.329102
1 0.916504 0.574219 0.161133 0.251953
1 0.63623 0.54541 0.133789 0.258789
7 0.185059 0.795898 0.157227 0.248047
