0 0.862793 0.241699 0.0458984 0.0380859
1 0.885254 0.0522461 0.208008 0.104492
1 0.730957 0.134277 0.180664 0.245117
7 0.0585938 0.279785 0.117188 0.293945
7 0.197266 0.364746 0.210938 0.168945
1 0.335938 0.103516 0.289062 0.207031
1 0.785645 0.832031 0.317383 0.253906
7 0.168457 0.451172 0.174805 0.3125
7 0.0654297 0.483398 0.128906 0.248047
1 0.793945 0.700195 0.355469 0.564453
1 0.507812 0.274902 0.259766 0.364258
1 0.530273 0.544922 0.291016 0.410156
7 0.0664062 0.733887 0.132812 0.485352
7 0.254883 0.756836 0.25 0.416016
7 0.334961 0.533203 0.1875 0.273438
