1 0.472168 0.189453 0.0615234 0.0703125
1 0.105469 0.775391 0.210938 0.449219
7 0.22168 0.487793 0.105469 0.116211
7 0.318848 0.803223 0.108398 0.170898
1 0.146973 0.59668 0.178711 0.179688
1 0.648438 0.347656 0.113281 0.0800781
1 0.440918 0.348145 0.194336 0.249023
1 0.427246 0.214355 0.231445 0.141602
1 0.484375 0.574707 0.177734 0.239258
1 0.649902 0.199707 0.120117 0.102539
1 0.31543 0.583984 0.267578 0.277344
1 0.466797 0.777832 0.296875 0.286133
1 0.661133 0.492188 0.230469 0.355469
7 0.129395 0.257324 0.24707 0.260742
7 0.909668 0.152344 0.178711 0.304688
