1 0.730469 0.525391 0.117188 0.0957031
1 0.831055 0.548828 0.136719 0.150391
1 0.439453 0.516602 0.126953 0.0546875
1 0.550781 0.0961914 0.152344 0.176758
1 0.440918 0.788574 0.147461 0.0771484
1 0.608398 0.853516 0.25 0.292969
1 0.911621 0.954102 0.176758 0.0898438
1 0.218262 0.411621 0.15332 0.25293
1 0.668945 0.71582 0.261719 0.361328
1 0.400879 0.392578 0.200195 0.234375
1 0.341309 0.662109 0.411133 0.314453
1 0.90332 0.665039 0.193359 0.388672
7 0.537598 0.291016 0.209961 0.228516
1 0.859863 0.0810547 0.276367 0.160156
