7 0.655762 0.316406 0.149414 0.160156
7 0.0395508 0.60791 0.0791016 0.108398
7 0.64502 0.57373 0.104492 0.174805
7 0.707031 0.470215 0.150391 0.149414
7 0.881836 0.314453 0.175781 0.232422
7 0.192871 0.397461 0.168945 0.166016
7 0.775391 0.382812 0.130859 0.199219
7 0.105469 0.518066 0.148438 0.249023
7 0.796387 0.65625 0.268555 0.328125
7 0.239746 0.575684 0.219727 0.223633
7 0.560547 0.429688 0.236328 0.203125
7 0.554199 0.751953 0.192383 0.423828
7 0.444824 0.562988 0.143555 0.235352
7 0.383789 0.404297 0.130859 0.248047
7 0.373535 0.727539 0.18457 0.259766
