1 0.145508 0.657227 0.291016 0.191406
1 0.402344 0.643555 0.416016 0.271484
1 0.919922 0.664062 0.160156 0.169922
1 0.665039 0.700684 0.669922 0.473633
1 0.347168 0.609375 0.180664 0.193359
1 0.530273 0.227539 0.208984 0.212891
1 0.67627 0.471191 0.647461 0.643555
1 0.13916 0.576172 0.276367 0.201172
1 0.916016 0.604492 0.144531 0.078125
1 0.245117 0.586426 0.490234 0.379883
1 0.222168 0.462402 0.442383 0.34082
1 0.466797 0.662598 0.699219 0.399414
1 0.589844 0.648926 0.519531 0.24707
1 0.844727 0.762695 0.310547 0.144531
1 0.194824 0.334961 0.389648 0.240234
